a: 1.529635
k: 17.509159
c: 14.614803
