min: 0.383504
max: 0.794960
pfit:  14707951.866138 -73429704.069730 159971721.738093 -198704307.039454 153970950.909456 -76241189.186317 23567447.370149 -4159736.366717 321183.204733
pfit0:  -2812.145040 1277.013938
pfit1:  55.606566 -12.352933
