a: 104.065503
k: 10.256142
c: 29.200718
