a: 0.098968
k: 3.575105
c: 29.335322
