cec: 22.500000
Rw: 10.131712
FF: 232.320545
n: 2.695748
