a: 0.424658
k: 2.141929
c: 4.112649
